Taxonomy	10D	11D	12D	13D	14D	15D	16D	18D	20D	22D	24D	26D	10F	11F	12F	13F	14F	15F	16F	18F	20F	22F	24F	26F	0	1	2	3	4	5	6	8	10	12	14	16
Candidatus_Actinomarina	0.037467955	0.052849537	0.055906133	0.010254388	0.014789982	0.009958588	0.006014593	0.001577598	0.001676198	0.001183199	0.003746796	0.005422993	0.037172155	0.047426543	0.040721751	0.020508775	0.015973181	0.010254388	0.005028594	0.001084599	0.000887399	0.0001972	0.0001972	0.000788799	0.022382173	0.038651154	0.05817393	0.01636758	0.021494774	0.018931177	0.005817393	0.0002958	0.000788799	0.001084599	0.001281798	0.001971998
PeM15	0.003056596	0.005620193	0.005324394	0.056004733	0.067146519	0.09998028	0.056300532	0.063301124	0.080358904	0.100571879	0.053539736	0.053539736	0.003450996	0.004634194	0.005521593	0.011536186	0.020410176	0.048905541	0.015677381	0.079077105	0.023170972	0.03362256	0.021987774	0.056793532	0.003450996	0.006507592	0.002859397	0.04190495	0.012423585	0.025537369	0.054624334	0.05028594	0.064484323	0.138631434	0.061723526	0.050877539
Unclassified_Saprospiraceae	0.012620785	0.020508775	0.03362256	0.038946953	0.064385723	0.020114376	0.01646618	0.020212976	0.019226977	0.056004733	0.082035102	0.089430093	0.014099783	0.012817985	0.036876356	0.065174522	0.066160521	0.014888582	0.007887991	0.009366989	0.011930586	0.020212976	0.034411359	0.047722343	0.019128377	0.018635378	0.018339578	0.073161112	0.087951094	0.066160521	0.017353579	0.009761388	0.006014593	0.029481365	0.026621968	0.046933544
Unclassified_Cryomorphaceae	0.026917768	0.027805167	0.014395583	0.022875173	0.012324985	0.013705384	0.012127785	0.015085782	0.01636758	0.002662197	0.003943995	0.007493591	0.025438769	0.013409584	0.01646618	0.03372116	0.011437586	0.011437586	0.006310392	0.011437586	0.006211793	0.002267797	0.002662197	0.001971998	0.009465589	0.00828239	0.014888582	0.022283573	0.022184973	0.012127785	0.012817985	0.007493591	0.022776573	0.00818379	0.003549596	0.005915993
Flavicella	0	0	0	0	0	0	0	0	0	0	0	0	0	0	0	0	0	0	0	0	0	0	0	0	0	0	0	0	0	0	0	0.0001972	0	0	0	0
Formosa	0.009366989	0.010254388	0.007592191	0.00798659	0.003253796	0.004929994	0.006113193	0.002662197	0.002464997	0.001084599	0.002169197	0.002464997	0.010845987	0.006014593	0.011831986	0.011437586	0.004732794	0.004239795	0.004831394	0.001281798	0.001084599	0.000591599	0.000985999	0.001478998	0.011240387	0.007000592	0.007197791	0.015677381	0.004436995	0.001971998	0.005718793	0.001380398	0.004338395	0.003450996	0.003648196	0.004042595
NS3a_marine_group	0.0001972	0	0	0	0	0	0	0	0	0	0	0	0	0	0	0	0	0	0	0	0	0	0	0	0	0	0	0	0	0	0	0	0	0	0	0
NS4_marine_group	0.019128377	0.024058371	0.019522777	0.020410176	0.010155788	0.008972589	0.014987182	0.00828239	0.017747979	0.019325577	0.052257937	0.086866496	0.021889174	0.017945178	0.034411359	0.031946362	0.010648787	0.009662788	0.009662788	0.004239795	0.004239795	0.002957996	0.006014593	0.009859988	0.021691974	0.019029777	0.023861171	0.023466772	0.010057188	0.006803392	0.010352988	0.003056596	0.006310392	0.011141787	0.027016368	0.076809308
NS5_marine_group	0.019325577	0.014592782	0.009268389	0.007394991	0.004239795	0.003056596	0.002662197	0.001183199	0.003155196	0.003253796	0.00838099	0.014888582	0.018142378	0.017649379	0.012522185	0.012029186	0.005324394	0.005225794	0.002760797	0.001281798	0.002859397	0.001577598	0.003845395	0.005620193	0.01676198	0.014494183	0.012916585	0.015085782	0.003253796	0.005028594	0.002760797	0.001183199	0.002662197	0.004535595	0.009268389	0.013113784
Robertkochia	0	0.0001972	9.86E-05	0.0001972	0	0	9.86E-05	0	0	0	0	0	0	0	0	9.86E-05	0.0001972	0	0	0	0	0	0	0	0	0	9.86E-05	9.86E-05	0	0	0	0	0	0	0	0
Winogradskyella	0.0002958	0.000788799	0.000690199	0.001183199	0.001971998	0.002464997	0.005422993	0.049497141	0.022480773	0.005817393	0.002070598	0.003845395	0.001676198	0.0002958	0.001380398	0.001577598	0.003943995	0.001478998	0.001380398	0.022480773	0.004436995	0.003450996	0.002662197	0.001577598	0.001873398	0.001084599	0.000690199	0.002760797	0.002070598	0.001281798	0.004732794	0.032340761	0.002662197	0.003253796	0.000690199	0.000985999
Unclassified_Flavobacteriaceae	0.018635378	0.014789982	0.009268389	0.007296391	0.003845395	0.003943995	0.005817393	0.005915993	0.005225794	0.002464997	0.004436995	0.006014593	0.013508184	0.011437586	0.009859988	0.00808519	0.005028594	0.003943995	0.002859397	0.004831394	0.004732794	0.002070598	0.005915993	0.004831394	0.013508184	0.007493591	0.00867679	0.010254388	0.002859397	0.002563597	0.004634194	0.004732794	0.002563597	0.006310392	0.007592191	0.012522185
NS11-12_marine_group	0.003155196	0.002366397	0.003352396	0.00798659	0.007789391	0.011141787	0.014888582	0.015480181	0.011240387	0.007099191	0.004141195	0.015381582	0.003845395	0.002366397	0.005817393	0.006113193	0.007394991	0.009564189	0.008972589	0.011634786	0.010057188	0.003943995	0.029185565	0.040524551	0.003746796	0.004141195	0.003746796	0.007000592	0.004141195	0.003746796	0.004535595	0.009958588	0.015973181	0.007296391	0.005620193	0.003549596
Cyanobium_PCC-6307	0.024156971	0.019621376	0.017353579	0.026227569	0.026621968	0.021790574	0.010155788	0.009958588	0.022480773	0.038158154	0.02524157	0.03372116	0.021593374	0.026128969	0.021790574	0.015381582	0.019917176	0.023368172	0.006704792	0.010747387	0.026720568	0.037369355	0.02474857	0.022382173	0.02524157	0.03342536	0.021396174	0.017452179	0.012817985	0.011240387	0.007197791	0.01686058	0.02484717	0.030072964	0.031749162	0.029481365
Synechococcus_CC9902	0.374383751	0.298461842	0.271839874	0.386807336	0.295405246	0.2500493	0.12492605	0.295208046	0.441234471	0.511338986	0.405048314	0.353086176	0.351508578	0.360678367	0.319069217	0.195326366	0.264346283	0.230230724	0.0836127	0.227075528	0.569512917	0.674127391	0.640110432	0.606882272	0.423683692	0.379017945	0.293137448	0.230920923	0.18349438	0.162788405	0.09169789	0.430684283	0.621475054	0.503943995	0.470321436	0.462926444
Aestuariicoccus	0.003549596	0.002464997	0.003056596	0.002662197	0.0002958	0.000887399	0.001577598	0.000887399	0.001084599	9.86E-05	0.0003944	0.0001972	0.001478998	0.001873398	0.002859397	0.001380398	0.000788799	0.000492999	0.0003944	0.000887399	0.000887399	0.000985999	0.003056596	0.001183199	0.004239795	0.003450996	0.001084599	0.001084599	0.0003944	9.86E-05	0.000690199	0.000985999	0.000492999	0.001183199	0.001183199	0.002169197
HIMB11	0.110333268	0.09140209	0.096430684	0.039242753	0.038552554	0.018043778	0.018438178	0.00798659	0.012620785	0.014888582	0.025438769	0.021494774	0.099191481	0.103924275	0.126799448	0.068526918	0.03362256	0.021593374	0.014789982	0.006408992	0.004338395	0.002957996	0.007296391	0.003845395	0.087260895	0.080457503	0.089824492	0.057483731	0.03312956	0.017452179	0.014494183	0.005915993	0.011634786	0.009662788	0.030565963	0.032044962
Unclassified_Rhodobacteraceae	0.048511142	0.047032144	0.043876947	0.065766121	0.048215342	0.05856833	0.302701637	0.209721948	0.090711891	0.04989154	0.054328535	0.042792349	0.057385131	0.050680339	0.081344902	0.138828633	0.136856636	0.187241175	0.422007494	0.246795504	0.156773812	0.082528101	0.045848945	0.02504437	0.061329126	0.037270755	0.042496549	0.09179649	0.05018734	0.071977914	0.314435023	0.168211398	0.053441136	0.062709525	0.079471505	0.057089331
AEGEAN-169_marine_group	0.014789982	0.028593966	0.028100966	0.002957996	0.020311576	0.022579373	0.009859988	0.002563597	0.003549596	0.005028594	0.020212976	0.009859988	0.018931177	0.027607967	0.011536186	0.012817985	0.013508184	0.018536778	0.020705975	0.003352396	0.000887399	0.000788799	0.001183199	0.002563597	0.012324985	0.017550779	0.019128377	0.005620193	0.044764346	0.069808716	0.034707158	0.001084599	0.005225794	0.007690791	0.017945178	0.018931177
SAR11_clade_Ia	0.092190889	0.111220667	0.134786038	0.003549596	0.059652928	0.065075922	0.015381582	0.002366397	0.006704792	0.007493591	0.025734569	0.010845987	0.102346677	0.113389864	0.056793532	0.046933544	0.053145336	0.062117925	0.053736936	0.001183199	0.000591599	0.000492999	0.000887399	0.002070598	0.06685072	0.105600473	0.127884047	0.003155196	0.125419049	0.157464011	0.078485506	0.000690199	0.007099191	0.00867679	0.021198975	0.01626898
OM43_clade	0.000788799	0.001183199	0.000492999	0.0001972	0.000690199	0.0003944	9.86E-05	0.0001972	0.0001972	0.000591599	0.000887399	0.000887399	0.000492999	0.000690199	0.000492999	0.0003944	0.000591599	0.000591599	0.000690199	0.0002958	0	0.0002958	0.0002958	0	0.0003944	0.000690199	0.001380398	0.0002958	0.000985999	0.001183199	0.000788799	0.0001972	0.000492999	0.000690199	0.003155196	0.001281798
Pseudoalteromonas	0	9.86E-05	0	0	0	0.0002958	9.86E-05	0	0	0	0	0	0	0	0	0	0	0	0.0002958	0	0	0	0	0	0	0	0	9.86E-05	0	9.86E-05	9.86E-05	0	0	0	0	0
Vibrio	0.0001972	0.0001972	0.000591599	0.000887399	0.000985999	0.002464997	0.002464997	0.001084599	0.029481365	0.006014593	0.001183199	0.001183199	0.0002958	9.86E-05	0.0002958	0.001281798	0.001478998	0.001676198	0.005127194	0.000690199	0.002070598	0.001281798	0.000492999	0.0001972	0.0003944	0.0002958	0.000591599	0.002563597	0.003155196	0.001577598	0.005225794	0.001183199	0.005324394	0.005817393	0.000985999	0.0002958
Alcanivorax	0.001084599	0.001281798	0.001183199	0.001084599	0.001774798	0.001873398	0.000887399	0.000591599	0.0002958	0.0003944	0.001676198	0.001478998	0.001183199	0.001774798	0.001084599	0.001577598	0.001281798	0.001084599	0.001478998	0	0	0.0003944	0.0001972	0.000591599	0.000985999	0.001084599	0.002859397	0.000788799	0.003450996	0.001676198	0.001084599	0.0003944	0.000887399	0.000887399	0.001873398	0.001873398
OM60(NOR5)_clade	0.018832577	0.015480181	0.013606784	0.055610333	0.021198975	0.019226977	0.015184382	0.017156379	0.024551371	0.015184382	0.015874581	0.019719976	0.01695918	0.014099783	0.023170972	0.02494577	0.019424177	0.023072372	0.013409584	0.014987182	0.006803392	0.005324394	0.007394991	0.005915993	0.019522777	0.023269572	0.014494183	0.024452771	0.010944587	0.009268389	0.00867679	0.020804575	0.037172155	0.037665155	0.023565372	0.015973181
Pseudohongiella	0.0002958	0.000591599	0.000788799	0.0002958	9.86E-05	0.0001972	9.86E-05	0.0001972	0	0.0001972	0.000690199	0.0003944	0.000690199	0.000788799	0.0003944	0.000788799	9.86E-05	0.000591599	0.0003944	0	9.86E-05	0	0.0003944	0.000492999	0.000887399	0.000690199	0.001281798	0.0003944	0.0003944	0.0001972	0.000492999	9.86E-05	0.0003944	0.000492999	0.002464997	0.001084599
SAR86_clade	0.019226977	0.040623151	0.049004141	0.005620193	0.023170972	0.028593966	0.014198383	0.004732794	0.007887991	0.010648787	0.03332676	0.01636758	0.026819168	0.034509959	0.023762571	0.034608558	0.022973772	0.023368172	0.020607375	0.001281798	0.000492999	0.001183199	0.001873398	0.006901992	0.012916585	0.018438178	0.034115559	0.006408992	0.046539144	0.045553145	0.032340761	0.001183199	0.006211793	0.014001183	0.027410767	0.026819168
Others	0.14149083	0.167915599	0.179846184	0.228554526	0.273121672	0.331690002	0.343028988	0.264149083	0.179254585	0.140603431	0.173239992	0.202622757	0.151055019	0.129757444	0.155196214	0.254979294	0.280713863	0.286432656	0.290672451	0.339577993	0.161210807	0.121376454	0.15835141	0.150759219	0.160717807	0.173437192	0.198875961	0.329422205	0.313449024	0.305462433	0.286235457	0.231019523	0.096726484	0.103135476	0.141096431	0.11703806
