Day	ID	Date	Group	pH	Temp	Sal	Chla	DO	Salinity_normalised_TA	dSi	NOx	PO4	DIC	pCO2	OmegaAragonite
0	GG	26/12/2023	Dry_Meso_Control		16.363	32.5	162.3205	6.099460425	2195.36	15.4222972	5.824365045	0.298626	2001.180536	421.174079	2.200570317
1	GG	27/12/2023	Dry_Meso_Control	8.27	16.347	32.55	197.655	6.545401436	2205.382104	14.9659162	3.250107619	0.14721	2013.825725	416.0613281	2.244353391
2	GG	28/12/2023	Dry_Meso_Control	8.273	16.839	32.55	295.4725	6.966805956	2209.615591	13.6170568	0.236762807	0	1980.224707	343.2351921	2.62312948
3	GG	29/12/2023	Dry_Meso_Control	8.325	17.647	32.68	178.554	7.580607732	2195.229307	10.29348099	0.004304778	0	1959.717409	313.5872158	2.854631878
4	GG	30/12/2023	Dry_Meso_Control	8.332	17.937	32.65	122.267	7.302527486	2200.799962	9.92533074	0.012914335	0	1904.411431	238.4287525	3.4352241
6	GG	1/1/2024	Dry_Meso_Control	8.333	18.85	32.67	113.236	7.334853341	2201.181129	9.922058293	0	0	1949.400588	306.2480369	3.028233685
8	GG	3/1/2024	Dry_Meso_Control	8.324	18.813	32.72	114.953	6.586685058	2211.22173		0.08974359	0	1995.49966	361.6907915	2.739518129
10	GG	5/1/2024	Dry_Meso_Control	8.29	18.046	32.82	123.52	6.137628302	2203.989183	11.11077942	0.038461538	0	1998.423011	346.2961622	2.74980676
12	GG	7/1/2024	Dry_Meso_Control	8.254	18.719	32.87	130.1805	6.469065683	2192.68769	11.16388452	0.038461538	0	1993.368169	299.1126935	3.171288817
14	GG	9/1/2024	Dry_Meso_Control	8.243	18.904	32.95	137.249	6.059734674	2196.851942	9.83078448	0.080172414	0	1980.032649	265.9318233	3.460458504
17	GG	12/1/2024	Dry_Meso_Control	8.251	19.051	33.05	92.6785	5.891484441	2202.555976	10.39263747	0.097413793	0	1995.655842	313.4765003	3.074003284
19	GG	14/1/2024	Dry_Meso_Control	8.181	18.554	33.16	10.563	5.595488661	2189.172949	9.43776888	0.097413793	0	2017.996356	342.4571763	2.84285335
21	GG	16/1/2024	Dry_Meso_Control	8.123	18.836	33.26	18.721	5.389460019	2180.700165	10.30086504	0.175	0	2030.976487	363.1930918	2.757014443
23	GG	18/1/2024	Dry_Meso_Control	8.04	19.22	33.31	15.1285	5.187715526	2147.790453	10.76392768	0.243965517	0	2035.389233	428.616481	2.43481193
25	GG	20/1/2024	Dry_Meso_Control	8.077	19.714	33.36	42.4835	5.308840115	2154.678882	10.34482378	0.295689655	0	2036.697507	412.8510636	2.56445757
27	GG	22/1/2024	Dry_Meso_Control	8.037333333	19.487	33.41	17.4175	5.244577874	2147.76751	10.54182441	1.942241379	0	1978.813625	304.2824426	3.107650978
29	GG	24/1/2024	Dry_Meso_Control	7.963	15.451	33.47	13.747	5.672213883	2116.36951	10.94720805	1.890517241	0	1974.986129	280.0404675	2.814687985
31	GG	26/1/2024	Dry_Meso_Control	7.933	14.958	33.59	74.853	5.814369752	2111.817877	8.58867803	1.410214168	0	2045.940617	382.5973683	2.242853636
33	GG	28/1/2024	Dry_Meso_Control	8.01	15.196	33.66	29.031	5.835011562	2109.656491	8.18650268	1.135639758	0.0714329	2045.963726	373.7619983	2.305304721
0	JJ	26/12/2023	Dry_Meso_Low		16.674	32.52	132.522	6.360793542	2205.694317	15.5237152	4.782608696	0.311244	1996.855215	389.5370688	2.375749178
1	JJ	27/12/2023	Dry_Meso_Low	8.29	16.412	32.54	192.94	6.78648221	2210.072411	15.0166252	3.499784761	0.14721	2001.349384	381.5420597	2.400443931
2	JJ	28/12/2023	Dry_Meso_Low	8.282	16.92	32.55	251.2185	7.231644287	2204.134025	13.2722356	0.193715024	0	1979.727099	352.3253647	2.572557185
3	JJ	29/12/2023	Dry_Meso_Low	8.542	17.774	32.6	185.277	7.070015012	2332.485621	10.05786483	0	0	1954.463436	188.6355279	4.29993736
4	JJ	30/12/2023	Dry_Meso_Low	8.568	18.118	32.63	101.1905	7.298632805	2330.169323	9.38046837	0.030133448	0	1918.668426	162.8751417	4.697596415
6	JJ	1/1/2024	Dry_Meso_Low	8.56	19.148	32.68	118.5925	6.735851354	2324.07321	9.764980853	0.030133448	0	1911.981146	164.9278195	4.790753215
8	JJ	3/1/2024	Dry_Meso_Low	8.545	18.924	32.73	121.309	6.358067265	2322.66766	9.77665206	0.038743005	0	1935.404982	177.30352	4.592766712
10	JJ	5/1/2024	Dry_Meso_Low	8.515	18.07	32.83	120.8925	6.263815977	2318.948751	11.14204803	0.004273504	0	1969.613653	191.6135475	4.312009058
12	JJ	7/1/2024	Dry_Meso_Low	8.507	18.829	32.88	130.19	6.194490648	2306.424235	10.81437064	0.021367521	0	1980.056572	183.6173753	4.610694298
14	JJ	9/1/2024	Dry_Meso_Low	8.456	18.994	32.95	133.911	6.031692971	2302.270637	9.21964614	0.054310345	0	1965.409018	170.7143381	4.817011586
17	JJ	12/1/2024	Dry_Meso_Low	8.448	19.187	33.06	24.434	6.011440626	2298.559059	9.85049862	0.097413793	0	1989.228057	210.3944146	4.218212779
19	JJ	14/1/2024	Dry_Meso_Low	8.392	18.557	33.18	4.7245	5.49773216	2291.543852	9.10941708	0.054310345	0	2011.419576	218.4080337	4.061619365
21	JJ	16/1/2024	Dry_Meso_Low	8.332	18.858	33.27	6.309	5.539015782	2264.801623	9.8974614	0.071551724	0	2035.162636	259.7039506	3.648227181
23	JJ	18/1/2024	Dry_Meso_Low	8.287	19.239	33.32	8.296	5.331429267	2261.290891	10.04969332	0.185105467	0	2033.944585	259.2714265	3.695321666
25	JJ	20/1/2024	Dry_Meso_Low	8.287	19.756	33.37	21.295	5.370765549	2261.501349	9.74465907	0.459482759	0	2042.689917	268.483192	3.687034977
27	JJ	22/1/2024	Dry_Meso_Low	8.245	19.493	33.43	29.491	5.55900848	2256.180203	9.54765844	2.476724138	0	1989.404417	207.9636038	4.237737882
29	JJ	24/1/2024	Dry_Meso_Low	8.177	15.342	33.48	80.7045	6.084271167	2225.653002	10.21289569	1.307256819	0	1994.14013	194.3234934	3.829655228
31	JJ	26/1/2024	Dry_Meso_Low	8.231	14.77	33.61	131.249	6.312499493	2229.083234	8.18650268	1.673805601	0	2062.592043	239.1714028	3.356088551
33	JJ	28/1/2024	Dry_Meso_Low	8.211	14.997	33.66	53.241	6.424276847	2217.396019	7.96307193	1.399231192	0	2053.457235	236.358213	3.384247539
0	HH	26/12/2023	Dry_Meso_Medium		16.724	32.49	146.2445	6.629526554	2205.008464	15.4020136	2.724924666	0.33648	2000.699557	408.7093094	2.294265358
1	HH	27/12/2023	Dry_Meso_Medium	8.28	16.212	32.54	163.8295	6.480749726	2205.939997	14.9861998	1.640120534	0.14721	1998.856287	380.6416246	2.379703129
2	HH	28/12/2023	Dry_Meso_Medium	8.271	16.73	32.54	279.294	6.875670413	2203.93896	13.5967732	0.365906156	0	1981.426942	355.4453096	2.538284658
3	HH	29/12/2023	Dry_Meso_Medium	8.697	17.551	32.61	193.107	7.630459653	2452.038293	10.47019311	0.021523892	0	1938.554888	119.4760145	5.838603462
4	HH	30/12/2023	Dry_Meso_Medium	8.729	17.911	32.61	142.756	7.12454055	2446.671458	10.43583242	0.038743005	0	1944.690903	126.3179564	5.720070591
6	HH	1/1/2024	Dry_Meso_Medium	8.709	18.873	32.66	123.0405	6.96602702	2422.906843	9.941692973	0.064102564	0	1910.0715	120.3469451	5.911663774
8	HH	3/1/2024	Dry_Meso_Medium	8.689	18.755	32.73	76.8745	6.263426508	2422.54583	10.28737269	0.14957265	0	1928.76158	125.3963573	5.80416147
10	HH	5/1/2024	Dry_Meso_Medium	8.627	18.006	32.84	84.4785	5.937052214	2411.373325	11.60065431	0	0	1970.904805	141.8318324	5.364075071
12	HH	7/1/2024	Dry_Meso_Medium	8.635	18.702	32.89	110.373	6.164112135	2402.746266	10.97884776	0.02991453	0	1981.347599	134.5489951	5.738362773
14	HH	9/1/2024	Dry_Meso_Medium	8.602	18.877	32.98	115.855	6.286015659	2389.711668	9.24921735	0.080172414	0	1957.446163	123.5282972	5.971680817
17	HH	12/1/2024	Dry_Meso_Medium	8.596	19.062	33.09	53.5175	6.014166903	2398.281958	9.73221378	0.080172414	0	1971.180644	138.7426015	5.590999092
19	HH	14/1/2024	Dry_Meso_Medium	8.544	18.457	33.19	7.501	5.64767739	2376.808527	8.92178748	0	0	1998.660772	154.3183311	5.179907186
21	HH	16/1/2024	Dry_Meso_Medium	8.52	18.739	33.29	4.476	5.593151852	2351.973941	9.60663552	0.114655172	0	2020.044067	176.4027476	4.816703571
23	HH	18/1/2024	Dry_Meso_Medium	8.442	19.134	33.35	5.678	5.807748794	2335.604948	10.21140676	0.269827586	0	2014.835569	180.3666683	4.772946719
25	HH	20/1/2024	Dry_Meso_Medium	8.446	19.63	33.39	15.608	5.625088239	2328.743261	9.72633343	0.399137931	0	2023.353214	191.6078334	4.673360571
27	HH	22/1/2024	Dry_Meso_Medium	8.421333333	19.382	33.45	16.618	5.871621567	2328.695441	9.84545009	1.718103448	0	1966.599531	146.8717495	5.330556337
29	HH	24/1/2024	Dry_Meso_Medium	8.36	15.42	33.52	29.0745	6.101407766	2299.278043	10.71897583	1.735344828	0	1989.840506	145.2538704	4.757237201
31	HH	26/1/2024	Dry_Meso_Medium	8.382	14.855	33.64	44.179	6.460886852	2304.287678	8.8478577	1.552992861	0	2060.213292	176.5703603	4.260212562
33	HH	28/1/2024	Dry_Meso_Medium	8.374	15.074	33.7	25.014	6.49671792	2293.193249	9.05341399	1.476112026	0.0454573	2045.320728	169.3484071	4.365830277
