Day	ID	Date	Group	pH	Temp	Sal	Chla	DO	Salinity_normalised_TA	dSi	NOx	PO4	DIC	pCO2	OmegaAragonite
0	GG	26/12/2023	Dry_Meso_Control		16.363	32.5	162.3205	6.099460425	2195.36	15.4222972	5.824365045	0.298626	2001.180536	421.174079	2.200570317
1	GG	27/12/2023	Dry_Meso_Control	8.27	16.347	32.55	197.655	6.545401436	2205.382104	14.9659162	3.250107619	0.14721	2013.825725	416.0613281	2.244353391
2	GG	28/12/2023	Dry_Meso_Control	8.273	16.839	32.55	295.4725	6.966805956	2209.615591	13.6170568	0.236762807	0	1980.224707	343.2351921	2.62312948
3	GG	29/12/2023	Dry_Meso_Control	8.325	17.647	32.68	178.554	7.580607732	2195.229307	10.29348099	0.004304778	0	1959.717409	313.5872158	2.854631878
4	GG	30/12/2023	Dry_Meso_Control	8.332	17.937	32.65	122.267	7.302527486	2200.799962	9.92533074	0.012914335	0	1904.411431	238.4287525	3.4352241
5	GG	31/12/2023	Dry_Meso_Control	8.346	18.405	32.6	110.1385	7.537376771	2202.02454	10.30493455	0.106837607	0			
6	GG	1/1/2024	Dry_Meso_Control	8.333	18.85	32.67	113.236	7.334853341	2201.181129	9.922058293	0	0	1949.400588	306.2480369	3.028233685
7	GG	2/1/2024	Dry_Meso_Control	8.328	18.44	32.68	112.4245	7.015489472	2215.076882	10.03986637	0.012820513	0			
8	GG	3/1/2024	Dry_Meso_Control	8.324	18.813	32.72	114.953	6.586685058	2211.22173		0.08974359	0	1995.49966	361.6907915	2.739518129
9	GG	4/1/2024	Dry_Meso_Control	8.324	18.204	32.79	104.903	6.39857195	2183.769061	10.26652695	0	0			
10	GG	5/1/2024	Dry_Meso_Control	8.29	18.046	32.82	123.52	6.137628302	2203.989183	11.11077942	0.038461538	0	1998.423011	346.2961622	2.74980676
11	GG	6/1/2024	Dry_Meso_Control	8.253	18.287	32.87	137.6435	6.232269057	2197.200715	10.93772848	0	0			
12	GG	7/1/2024	Dry_Meso_Control	8.254	18.719	32.87	130.1805	6.469065683	2192.68769	11.16388452	0.038461538	0	1993.368169	299.1126935	3.171288817
13	GG	8/1/2024	Dry_Meso_Control	8.269	18.759	32.9	147.114	6.248626719	2203.73823	10.32363798	0.233116558	0			
14	GG	9/1/2024	Dry_Meso_Control	8.243	18.904	32.95	137.249	6.059734674	2196.851942	9.83078448	0.080172414	0	1980.032649	265.9318233	3.460458504
15	GG	10/1/2024	Dry_Meso_Control	8.203	19.255	32.99	137.174	6.104134044	2198.823507	10.64892129	0.218103448	0			
16	GG	11/1/2024	Dry_Meso_Control	8.258666667	19.305	33.01	112.9905	6.057397866	2202.929289	11.95334022	0.131896552	0			
17	GG	12/1/2024	Dry_Meso_Control	8.251	19.051	33.05	92.6785	5.891484441	2202.555976	10.39263747	0.097413793	0	1995.655842	313.4765003	3.074003284
18	GG	13/1/2024	Dry_Meso_Control	8.217	18.918	33.1	21.604	5.968599132	2195.355363	10.49787612	0.114655172	0			
19	GG	14/1/2024	Dry_Meso_Control	8.181	18.554	33.16	10.563	5.595488661	2189.172949	9.43776888	0.097413793	0	2017.996356	342.4571763	2.84285335
20	GG	15/1/2024	Dry_Meso_Control	8.172333333	18.732	33.22	6.2085	5.550959471	2181.176876	10.1789058	0.073181231	0			
21	GG	16/1/2024	Dry_Meso_Control	8.123	18.836	33.26	18.721	5.389460019	2180.700165	10.30086504	0.175	0	2030.976487	363.1930918	2.757014443
22	GG	17/1/2024	Dry_Meso_Control	8.118	19.022	33.3	5.425	5.34116597	2163.128754	10.74146748	0.192241379	0			
23	GG	18/1/2024	Dry_Meso_Control	8.04	19.22	33.31	15.1285	5.187715526	2147.790453	10.76392768	0.243965517	0	2035.389233	428.616481	2.43481193
24	GG	19/1/2024	Dry_Meso_Control	8.082	19.388	33.34	12.043	5.340776502	2159.198035	11.10083068	0.150667241	0			
25	GG	20/1/2024	Dry_Meso_Control	8.077	19.714	33.36	42.4835	5.308840115	2154.678882	10.34482378	0.295689655	0	2036.697507	412.8510636	2.56445757
26	GG	21/1/2024	Dry_Meso_Control	8.071	19.71	33.41	11.2105	5.387902146	2144.367704	10.3539866	0.235344828	0			
27	GG	22/1/2024	Dry_Meso_Control	8.037333333	19.487	33.41	17.4175	5.244577874	2147.76751	10.54182441	1.942241379	0	1978.813625	304.2824426	3.107650978
28	GG	23/1/2024	Dry_Meso_Control	7.997	17.24	33.42	46.433	5.516037162	2124.840664	10.91743863	2.140517241	0			
29	GG	24/1/2024	Dry_Meso_Control	7.963	15.451	33.47	13.747	5.672213883	2116.36951	10.94720805	1.890517241	0	1974.986129	280.0404675	2.814687985
30	GG	25/1/2024	Dry_Meso_Control	8.047	14.864	33.47	37.9395	5.574846851	2117.927995	9.1159746	1.68362069	0			
31	GG	26/1/2024	Dry_Meso_Control	7.933	14.958	33.59	74.853	5.814369752	2111.817877	8.58867803	1.410214168	0	2045.940617	382.5973683	2.242853636
32	GG	27/1/2024	Dry_Meso_Control	7.999	15.238	33.63	57.3705	5.844358797	2099.695213	8.47249404	1.223503569	0.0584451			
33	GG	28/1/2024	Dry_Meso_Control	8.01	15.196	33.66	29.031	5.835011562	2109.656491	8.18650268	1.135639758	0.0714329	2045.963726	373.7619983	2.305304721
34	GG	29/1/2024	Dry_Meso_Control	7.99	15.151	33.67	6.6915	6.142691387	2091.486486	8.63272155	1.036792971	0		407.6703158	2.131207215
35	GG	30/1/2024	Dry_Meso_Control	8.009	15.7	33.64	32.022	6.403635036	2093.129459	7.93252215	0.839099396	0		421.7377216	2.119843081
0	JJ	26/12/2023	Dry_Meso_Low		16.674	32.52	132.522	6.360793542	2205.694317	15.5237152	4.782608696	0.311244	1996.855215	389.5370688	2.375749178
1	JJ	27/12/2023	Dry_Meso_Low	8.29	16.412	32.54	192.94	6.78648221	2210.072411	15.0166252	3.499784761	0.14721	2001.349384	381.5420597	2.400443931
2	JJ	28/12/2023	Dry_Meso_Low	8.282	16.92	32.55	251.2185	7.231644287	2204.134025	13.2722356	0.193715024	0	1979.727099	352.3253647	2.572557185
3	JJ	29/12/2023	Dry_Meso_Low	8.542	17.774	32.6	185.277	7.070015012	2332.485621	10.05786483	0	0	1954.463436	188.6355279	4.29993736
4	JJ	30/12/2023	Dry_Meso_Low	8.568	18.118	32.63	101.1905	7.298632805	2330.169323	9.38046837	0.030133448	0	1918.668426	162.8751417	4.697596415
5	JJ	31/12/2023	Dry_Meso_Low	8.558	18.624	32.62	116.618	7.398336647	2325.109979	9.892606273	0.064571675	0			
6	JJ	1/1/2024	Dry_Meso_Low	8.56	19.148	32.68	118.5925	6.735851354	2324.07321	9.764980853	0.030133448	0	1911.981146	164.9278195	4.790753215
7	JJ	2/1/2024	Dry_Meso_Low	8.549	18.975	32.69	120.733	6.308604812	2315.796497	9.637355433	0.047008547	0			
8	JJ	3/1/2024	Dry_Meso_Low	8.545	18.924	32.73	121.309	6.358067265	2322.66766	9.77665206	0.038743005	0	1935.404982	177.30352	4.592766712
9	JJ	4/1/2024	Dry_Meso_Low	8.545	18.199	32.79	120.69	6.224479695	2319.379003	10.13102964	0.02991453	0			
10	JJ	5/1/2024	Dry_Meso_Low	8.515	18.07	32.83	120.8925	6.263815977	2318.948751	11.14204803	0.004273504	0	1969.613653	191.6135475	4.312009058
11	JJ	6/1/2024	Dry_Meso_Low	8.503	18.358	32.86	124.432	6.211627247	2313.528226	10.13590252	0	0			
12	JJ	7/1/2024	Dry_Meso_Low	8.507	18.829	32.88	130.19	6.194490648	2306.424235	10.81437064	0.021367521	0	1980.056572	183.6173753	4.610694298
13	JJ	8/1/2024	Dry_Meso_Low	8.487	18.826	32.92	143.0735	6.06285042	2311.590553	9.99835467	0	0			
14	JJ	9/1/2024	Dry_Meso_Low	8.456	18.994	32.95	133.911	6.031692971	2302.270637	9.21964614	0.054310345	0	1965.409018	170.7143381	4.817011586
15	JJ	10/1/2024	Dry_Meso_Low	8.416	19.361	32.97	126.642	5.942115299	2307.603503	10.30392384	0.114655172	0			
16	JJ	11/1/2024	Dry_Meso_Low	8.465333333	19.422	33.02	102.175	5.819303015	2307.388452	12.50205045	0.338793103	0			
17	JJ	12/1/2024	Dry_Meso_Low	8.448	19.187	33.06	24.434	6.011440626	2298.559059	9.85049862	0.097413793	0	1989.228057	210.3944146	4.218212779
18	JJ	13/1/2024	Dry_Meso_Low	8.419	18.999	33.1	8.241	5.565110147	2297.121601	9.4283874	0.097413793	0			
19	JJ	14/1/2024	Dry_Meso_Low	8.392	18.557	33.18	4.7245	5.49773216	2291.543852	9.10941708	0.054310345	0	2011.419576	218.4080337	4.061619365
20	JJ	15/1/2024	Dry_Meso_Low	8.374666667	18.724	33.21	7.225	5.523696702	2289.238934	9.55972812	0.123275862	0			
21	JJ	16/1/2024	Dry_Meso_Low	8.332	18.858	33.27	6.309	5.539015782	2264.801623	9.8974614	0.071551724	0	2035.162636	259.7039506	3.648227181
22	JJ	17/1/2024	Dry_Meso_Low	8.328	19.04	33.3	6.472	5.1807051	2274.712087	10.07664556	0	0			
23	JJ	18/1/2024	Dry_Meso_Low	8.287	19.239	33.32	8.296	5.331429267	2261.290891	10.04969332	0.185105467	0	2033.944585	259.2714265	3.695321666
24	JJ	19/1/2024	Dry_Meso_Low	8.291	19.427	33.34	8.1075	5.579130999	2264.749925	10.11258188	0.331467929	0			
25	JJ	20/1/2024	Dry_Meso_Low	8.287	19.756	33.37	21.295	5.370765549	2261.501349	9.74465907	0.459482759	0	2042.689917	268.483192	3.687034977
26	JJ	21/1/2024	Dry_Meso_Low	8.257	19.814	33.41	11.7465	5.61028845	2261.585603	9.93249688	0.502586207	0			
27	JJ	22/1/2024	Dry_Meso_Low	8.245	19.493	33.43	29.491	5.55900848	2256.180203	9.54765844	2.476724138	0	1989.404417	207.9636038	4.237737882
28	JJ	23/1/2024	Dry_Meso_Low	8.23	17.235	33.43	32.159	5.757507404	2244.157568	10.36174279	2.657758621	0			
29	JJ	24/1/2024	Dry_Meso_Low	8.177	15.342	33.48	80.7045	6.084271167	2225.653002	10.21289569	1.307256819	0	1994.14013	194.3234934	3.829655228
30	JJ	25/1/2024	Dry_Meso_Low	8.257	14.771	33.56	67.957	6.094007871	2219.640569	8.07925592	2.213072568	0.121705025			
31	JJ	26/1/2024	Dry_Meso_Low	8.231	14.77	33.61	131.249	6.312499493	2229.083234	8.18650268	1.673805601	0	2062.592043	239.1714028	3.356088551
32	JJ	27/1/2024	Dry_Meso_Low	8.223	15.07	33.66	52.7315	6.38182482	2224.864453	7.98988362	1.356034483	0			
33	JJ	28/1/2024	Dry_Meso_Low	8.211	14.997	33.66	53.241	6.424276847	2217.396019	7.96307193	1.399231192	0	2053.457235	236.358213	3.384247539
34	JJ	29/1/2024	Dry_Meso_Low	8.198	15.022	33.67	61.268	6.306657471	2214.285714	8.33790075	1.278418451	0		248.7635249	3.274714359
35	JJ	30/1/2024	Dry_Meso_Low	8.198	15.611	33.68	61.281	6.377151203	2204.190914	7.9970142	1.102690829	0		253.3211941	3.274644488
0	HH	26/12/2023	Dry_Meso_Medium		16.724	32.49	146.2445	6.629526554	2205.008464	15.4020136	2.724924666	0.33648	2000.699557	408.7093094	2.294265358
1	HH	27/12/2023	Dry_Meso_Medium	8.28	16.212	32.54	163.8295	6.480749726	2205.939997	14.9861998	1.640120534	0.14721	1998.856287	380.6416246	2.379703129
2	HH	28/12/2023	Dry_Meso_Medium	8.271	16.73	32.54	279.294	6.875670413	2203.93896	13.5967732	0.365906156	0	1981.426942	355.4453096	2.538284658
3	HH	29/12/2023	Dry_Meso_Medium	8.697	17.551	32.61	193.107	7.630459653	2452.038293	10.47019311	0.021523892	0	1938.554888	119.4760145	5.838603462
4	HH	30/12/2023	Dry_Meso_Medium	8.729	17.911	32.61	142.756	7.12454055	2446.671458	10.43583242	0.038743005	0	1944.690903	126.3179564	5.720070591
5	HH	31/12/2023	Dry_Meso_Medium	8.728	18.604	32.61	127.5425	7.426767821	2427.613462	10.09877041	0.132478632	0			
6	HH	1/1/2024	Dry_Meso_Medium	8.709	18.873	32.66	123.0405	6.96602702	2422.906843	9.941692973	0.064102564	0	1910.0715	120.3469451	5.911663774
7	HH	2/1/2024	Dry_Meso_Medium	8.69	18.737	32.69	85.244	5.992746156	2420.489446	10.05950105	0.021367521	0			
8	HH	3/1/2024	Dry_Meso_Medium	8.689	18.755	32.73	76.8745	6.263426508	2422.54583	10.28737269	0.14957265	0	1928.76158	125.3963573	5.80416147
9	HH	4/1/2024	Dry_Meso_Medium	8.689	18.123	32.79	72.052	5.84825348	2425.115508	12.05926059	0.226495726	0			
10	HH	5/1/2024	Dry_Meso_Medium	8.627	18.006	32.84	84.4785	5.937052214	2411.373325	11.60065431	0	0	1970.904805	141.8318324	5.364075071
11	HH	6/1/2024	Dry_Meso_Medium	8.629	18.254	32.87	87.805	6.038313927	2410.818756	10.91716884	0.003001501	0			
12	HH	7/1/2024	Dry_Meso_Medium	8.635	18.702	32.89	110.373	6.164112135	2402.746266	10.97884776	0.02991453	0	1981.347599	134.5489951	5.738362773
13	HH	8/1/2024	Dry_Meso_Medium	8.625	18.696	32.93	122.771	6.135291494	2404.923603	10.20535314	0	0			
14	HH	9/1/2024	Dry_Meso_Medium	8.602	18.877	32.98	115.855	6.286015659	2389.711668	9.24921735	0.080172414	0	1957.446163	123.5282972	5.971680817
15	HH	10/1/2024	Dry_Meso_Medium	8.56	19.22	32.98	105.2435	6.304320662	2402.802456	10.14621072	0.097413793	0			
16	HH	11/1/2024	Dry_Meso_Medium	8.606666667	19.278	33.05	76.088	6.10257617	2402.934947	11.93034039	0.304310345	0			
17	HH	12/1/2024	Dry_Meso_Medium	8.596	19.062	33.09	53.5175	6.014166903	2398.281958	9.73221378	0.080172414	0	1971.180644	138.7426015	5.590999092
18	HH	13/1/2024	Dry_Meso_Medium	8.569	18.841	33.1	25.1045	5.524215993	2390.905211	9.20323188	0.071551724	0			
19	HH	14/1/2024	Dry_Meso_Medium	8.544	18.457	33.19	7.501	5.64767739	2376.808527	8.92178748	0	0	1998.660772	154.3183311	5.179907186
20	HH	15/1/2024	Dry_Meso_Medium	8.527333333	18.632	33.23	4.9925	5.637421397	2366.67908	9.34395408	0	0			
21	HH	16/1/2024	Dry_Meso_Medium	8.52	18.739	33.29	4.476	5.593151852	2351.973941	9.60663552	0.114655172	0	2020.044067	176.4027476	4.816703571
22	HH	17/1/2024	Dry_Meso_Medium	8.485	18.967	33.31	4.4145	5.852537628	2349.517787	10.1934386	0.038743005	0			
23	HH	18/1/2024	Dry_Meso_Medium	8.442	19.134	33.35	5.678	5.807748794	2335.604948	10.21140676	0.269827586	0	2014.835569	180.3666683	4.772946719
24	HH	19/1/2024	Dry_Meso_Medium	8.455	19.292	33.36	5.651	5.64767739	2336.473321	10.1035978	0.27981059	0			
25	HH	20/1/2024	Dry_Meso_Medium	8.446	19.63	33.39	15.608	5.625088239	2328.743261	9.72633343	0.399137931	0	2023.353214	191.6078334	4.673360571
26	HH	21/1/2024	Dry_Meso_Medium	8.408	19.766	33.41	10.6645	5.848642947	2329.727626	9.8042174	0.459482759	0			
27	HH	22/1/2024	Dry_Meso_Medium	8.421333333	19.382	33.45	16.618	5.871621567	2328.695441	9.84545009	1.718103448	0	1966.599531	146.8717495	5.330556337
28	HH	23/1/2024	Dry_Meso_Medium	8.391	17.219	33.45	23.4895	5.846695607	2304.507474	10.20297255	1.950862069	0			
29	HH	24/1/2024	Dry_Meso_Medium	8.36	15.42	33.52	29.0745	6.101407766	2299.278043	10.71897583	1.735344828	0	1989.840506	145.2538704	4.757237201
30	HH	25/1/2024	Dry_Meso_Medium	8.42	14.877	33.54	18.0775	6.038703396	2295.465116	8.905949695	1.743965517	0			
31	HH	26/1/2024	Dry_Meso_Medium	8.382	14.855	33.64	44.179	6.460886852	2304.287678	8.8478577	1.552992861	0	2060.213292	176.5703603	4.260212562
32	HH	27/1/2024	Dry_Meso_Medium	8.377	15.128	33.68	26.7545	6.514633454	2300.45576	9.04447676	1.487095003	0			
33	HH	28/1/2024	Dry_Meso_Medium	8.374	15.074	33.7	25.014	6.49671792	2293.193249	9.05341399	1.476112026	0.0454573	2045.320728	169.3484071	4.365830277
34	HH	29/1/2024	Dry_Meso_Medium	8.36	15.087	33.7	24.2815	6.385719503	2287.267062	9.7843653	1.46512905	0		184.1494338	4.15104238
35	HH	30/1/2024	Dry_Meso_Medium	8.352	15.734	33.72	18.816	6.457771107	2279.944395	9.2868552	1.476112026	0		180.7515981	4.25462143
